0.500000
0.499960
0.499830
0.499545
0.499024
0.498175
0.496895
0.495080
0.492620
0.489410
0.485347
0.480338
0.474297
0.467148
0.460049
0.452997
0.445994
0.439038
0.432130
0.425269
0.418454
0.411686
0.404964
0.398288
0.391658
0.385072
0.378531
0.372035
0.365583
0.359175
0.352811
0.346490
0.340212
0.333977
0.327784
0.321634
0.315525
0.309458
0.303432
0.297447
0.291503
0.285600
0.279737
0.273913
0.268130
0.262385
0.256680
0.251014
0.245386
0.239797
0.234245
0.228732
0.223256
0.217817
0.212415
0.207050
0.201722
0.196430
0.191173
0.185953
0.180768
0.175619
0.170504
0.165425
0.160380
0.155369
0.150393
0.145450
0.140541
0.135665
0.130823
0.126014
0.121237
0.116493
0.111781
0.107101
0.102453
0.097837
0.093252
0.088698
0.084176
0.079684
0.075223
0.070792
0.066391
0.062020
0.057679
0.053368
0.049086
0.044833
0.040609
0.036413
0.032247
0.028108
0.023998
0.019916
0.015861
0.011834
0.007835
0.003863
-0.000082
-0.004001
-0.007892
-0.011757
-0.015596
-0.019409
-0.023196
-0.026957
-0.030692
-0.034403
-0.038090
-0.041753
-0.045394
-0.049013
-0.052612
-0.056190
-0.059749
-0.063291
-0.066815
-0.070322
-0.073814
-0.077291
-0.080745
-0.084174
-0.087581
-0.090964
-0.094324
-0.097662
-0.100976
-0.104268
-0.107538
-0.110786
-0.114011
-0.117214
-0.120396
-0.123556
-0.126694
-0.129811
-0.132907
-0.135982
-0.139036
-0.142069
-0.145081
-0.148073
-0.151044
-0.153996
-0.156927
-0.159838
-0.162729
-0.165601
-0.168453
-0.171286
-0.174100
-0.176894
-0.179669
-0.182426
-0.185163
-0.187882
-0.190583
-0.193265
-0.195929
-0.198574
-0.201202
-0.203812
-0.206404
-0.208978
-0.211535
-0.214074
-0.216596
-0.219101
-0.221589
-0.224060
-0.226514
-0.228952
-0.231372
-0.233777
-0.236165
-0.238536
-0.240892
-0.243231
-0.245555
-0.247863
-0.250155
-0.252431
-0.254692
-0.256937
-0.259168
-0.261383
-0.263582
-0.265767
-0.267937
-0.270093
-0.272233
-0.274359
-0.276471
-0.278568
-0.280651
-0.282719
-0.284774
-0.286814
-0.288841
-0.290854
-0.292853
-0.294838
-0.296810
-0.298769
-0.300714
-0.302646
-0.304565
-0.306470
-0.308363
-0.310243
-0.312110
-0.313964
-0.315806
-0.317635
-0.319451
-0.321256
-0.323047
-0.324827
-0.326595
-0.328350
-0.330094
-0.331826
-0.333545
-0.335254
-0.336950
-0.338635
-0.340308
-0.341970
-0.343621
-0.345261
-0.346889
-0.348506
-0.350112
-0.351707
-0.353292
-0.354865
-0.356428
-0.357980
-0.359522
-0.361053
-0.362573
-0.364084
-0.365583
-0.367073
-0.368553
-0.370022
-0.371482
-0.372931
-0.374371
-0.375800
-0.377220
-0.378631
-0.380031
-0.381423
-0.382804
-0.384176
-0.385539
-0.386893
-0.388237
-0.389572
-0.390898
-0.392215
-0.393523
-0.394823
-0.396113
-0.397394
-0.398667
-0.399931
-0.401186
-0.402433
-0.403671
-0.404901
-0.406123
-0.407336
-0.408541
-0.409737
-0.410926
-0.412106
-0.413278
-0.414443
-0.415599
-0.416747
-0.417888
-0.419021
-0.420146
-0.421263
-0.422373
-0.423475
-0.424570
-0.425657
-0.426737
-0.427809
-0.428875
-0.429932
-0.430983
-0.432026
-0.433063
-0.434092
-0.435114
-0.436129
-0.437138
-0.438139
-0.439133
-0.440121
-0.441102
-0.442077
-0.443044
-0.444005
-0.444960
-0.445908
-0.446849
-0.447784
-0.448713
-0.449635
-0.450551
-0.451461
-0.452365
-0.453262
-0.454153
-0.455038
-0.455918
-0.456791
-0.457658
-0.458519
-0.459374
-0.460224
-0.461068
-0.461906
-0.462738
-0.463564
-0.464385
-0.465200
-0.466010
-0.466814
-0.467613
-0.468406
-0.469194
-0.469976
-0.470753
-0.471525
-0.472292
-0.473053
-0.473809
-0.474560
-0.475305
-0.476046
-0.476782
-0.477512
-0.478238
-0.478958
-0.479674
-0.480385
-0.481091
-0.481792
-0.482488
-0.483180
-0.483866
-0.484549
-0.485226
-0.485899
-0.486567
-0.487231
-0.487890
-0.488544
-0.489195
-0.489840
-0.490482
-0.491118
-0.491751
-0.492379
-0.493003
-0.493623
-0.494238
-0.494849
-0.495456
-0.496059
-0.496658
-0.497253
-0.497843
-0.498430
-0.499012
-0.499591
-0.500166
-0.500736
-0.501303
-0.501866
-0.502425
-0.502980
-0.503532
-0.504079
-0.504623
-0.505163
-0.505700
-0.506233
-0.506762
-0.507287
-0.507809
-0.508328
-0.508843
-0.509354
-0.509862
-0.510366
-0.510867
-0.511365
-0.511859
-0.512349
-0.512837
-0.513321
-0.513802
-0.514279
-0.514753
-0.515224
-0.515692
-0.516156
-0.516618
-0.517076
-0.517531
-0.517983
-0.518432
-0.518877
-0.519320
-0.519760
-0.520196
-0.520630
-0.521061
-0.521489
-0.521913
-0.522335
-0.522754
-0.523171
-0.523584
-0.523995
-0.524402
-0.524807
-0.525209
-0.525609
-0.526005
-0.526399
-0.526791
-0.527179
-0.527565
-0.527949
-0.528329
-0.528707
-0.529083
-0.529456
-0.529826
-0.530194
-0.530559
-0.530922
-0.531283
-0.531640
-0.531996
-0.532349
-0.532699
-0.533048
-0.533393
-0.533737
-0.534078
0.500000
0.499960
0.499830
0.499545
0.499024
0.498175
0.496895
0.495080
0.492620
0.489410
0.485347
0.480338
0.474297
0.467148
0.460049
0.452997
0.445994
0.439038
0.432130
0.425269
0.418454
0.411686
0.404964
0.398288
0.391658
0.385072
0.378531
0.372035
0.365583
0.359175
0.352811
0.346490
0.340212
0.333977
0.327784
0.321634
0.315525
0.309458
0.303432
0.297447
0.291503
0.285600
0.279737
0.273913
0.268130
0.262385
0.256680
0.251014
0.245386
0.239797
0.234245
0.228732
0.223256
0.217817
0.212415
0.207050
0.201722
0.196430
0.191173
0.185953
