0.175000
0.175040
0.175170
0.175455
0.175976
0.176827
0.178107
0.179924
0.182386
0.185598
0.189664
0.194677
0.200724
0.207878
0.214984
0.222041
0.229050
0.236012
0.242926
0.249793
0.256613
0.263387
0.270115
0.276797
0.283433
0.290024
0.296571
0.303072
0.309530
0.315943
0.322313
0.328639
0.334922
0.341163
0.347361
0.353516
0.359630
0.365702
0.371733
0.377723
0.383672
0.389580
0.395448
0.401277
0.407065
0.412814
0.418524
0.424195
0.429827
0.435421
0.440977
0.446495
0.451976
0.457419
0.462825
0.468194
0.473527
0.478823
0.484084
0.489308
0.494497
0.499650
0.504769
0.509852
0.514901
0.519916
0.524896
0.529842
0.534755
0.539634
0.544480
0.549293
0.554073
0.558821
0.563536
0.568220
0.572871
0.577490
0.582078
0.586635
0.591161
0.595656
0.600120
0.604554
0.608958
0.613332
0.617676
0.621990
0.626275
0.630531
0.634757
0.638955
0.643125
0.647266
0.651378
0.655463
0.659520
0.663549
0.667551
0.671526
0.675473
0.679393
0.683287
0.687155
0.690996
0.694810
0.698599
0.702362
0.706053
0.709606
0.712939
0.715959
0.718559
0.720626
0.722044
0.722697
0.722473
0.721265
0.718977
0.715524
0.710832
0.704841
0.698890
0.692981
0.687111
0.681282
0.675492
0.669742
0.664031
0.658359
0.652725
0.647130
0.641573
0.636053
0.630572
0.625127
0.619720
0.614349
0.609015
0.603718
0.598456
0.593230
0.588040
0.582885
0.577766
0.572681
0.567631
0.562615
0.557633
0.552685
0.547771
0.542891
0.538043
0.533229
0.528447
0.523698
0.518981
0.514297
0.509644
0.505023
0.500434
0.495875
0.491348
0.486851
0.482386
0.477950
0.473545
0.469170
0.464824
0.460508
0.456222
0.451965
0.447736
0.443537
0.439366
0.435223
0.431109
0.427023
0.422964
0.418933
0.414930
0.410954
0.407005
0.403083
0.399187
0.395318
0.391475
0.387659
0.383868
0.380104
0.376365
0.372651
0.368963
0.365300
0.361661
0.358048
0.354459
0.350895
0.347354
0.343838
0.340346
0.336878
0.333433
0.330012
0.326614
0.323239
0.319887
0.316558
0.313252
0.309968
0.306706
0.303467
0.300250
0.297054
0.293881
0.290729
0.287598
0.284489
0.281401
0.278334
0.275288
0.272262
0.269257
0.266273
0.263309
0.260365
0.257441
0.254537
0.251653
0.248789
0.245944
0.243118
0.240312
0.237524
0.234756
0.232007
0.229276
0.226564
0.223870
0.221195
0.218537
0.215898
0.213277
0.210674
0.208089
0.205521
0.202970
0.200437
0.197921
0.195423
0.192941
0.190476
0.188028
0.185597
0.183182
0.180784
0.178402
0.176036
0.173686
0.171352
0.169035
0.166733
0.164446
0.162176
0.159920
0.157680
0.155456
0.153246
0.151051
0.148872
0.146707
0.144557
0.142422
0.140301
0.138194
0.136102
0.134025
0.131961
0.129911
0.127876
0.125854
0.123846
0.121852
0.119871
0.117903
0.115950
0.114009
0.112082
0.110167
0.108266
0.106378
0.104502
0.102640
0.100790
0.098952
0.097128
0.095315
0.093515
0.091727
0.089951
0.088188
0.086436
0.084697
0.082969
0.081253
0.079548
0.077856
0.076174
0.074505
0.072846
0.071199
0.069563
0.067939
0.066325
0.064722
0.063130
0.061549
0.059979
0.058420
0.056871
0.055332
0.053805
0.052287
0.050780
0.049283
0.047797
0.046320
0.044853
0.043397
0.041950
0.040514
0.039087
0.037669
0.036262
0.034864
0.033475
0.032096
0.030727
0.029366
0.028015
0.026674
0.025341
0.024017
0.022703
0.021397
0.020100
0.018812
0.017533
0.016263
0.015001
0.013748
0.012503
0.011267
0.010039
0.008819
0.007608
0.006405
0.005211
0.004024
0.002846
0.001675
0.000513
-0.000642
-0.001788
-0.002927
-0.004058
-0.005182
-0.006298
-0.007406
-0.008506
-0.009599
-0.010685
-0.011763
-0.012834
-0.013898
-0.014954
-0.016004
-0.017046
-0.018081
-0.019109
-0.020130
-0.021144
-0.022151
-0.023151
-0.024144
-0.025131
-0.026111
-0.027084
-0.028050
-0.029011
-0.029964
-0.030911
-0.031851
-0.032786
-0.033713
-0.034635
-0.035550
-0.036459
-0.037362
-0.038258
-0.039149
-0.040033
-0.040912
-0.041784
-0.042650
-0.043511
-0.044366
-0.045215
-0.046058
-0.046895
-0.047727
-0.048553
-0.049373
-0.050188
-0.050997
-0.051801
-0.052599
-0.053392
-0.054179
-0.054961
-0.055738
-0.056509
-0.057275
-0.058036
-0.058792
-0.059543
-0.060288
-0.061029
-0.061764
-0.062494
-0.063220
-0.063940
-0.064656
-0.065366
-0.066072
-0.066773
-0.067469
-0.068161
-0.068848
-0.069530
-0.070207
-0.070880
-0.071548
-0.072212
-0.072871
-0.073526
-0.074176
-0.074822
-0.075463
-0.076100
-0.076733
-0.077361
-0.077985
-0.078605
-0.079221
-0.079832
-0.080439
-0.081042
-0.081641
-0.082236
-0.082827
0.175000
0.175040
0.175170
0.175455
0.175976
0.176827
0.178107
0.179924
0.182386
0.185598
0.189664
0.194677
0.200724
0.207878
0.214984
0.222041
0.229050
0.236012
0.242926
0.249793
0.256613
0.263387
0.270115
0.276797
0.283433
0.290024
0.296571
0.303072
0.309530
0.315943
0.322313
0.328639
0.334922
0.341163
0.347361
0.353516
0.359630
0.365702
0.371733
0.377723
0.383672
0.389580
0.395448
0.401277
0.407065
0.412814
0.418524
0.424195
0.429827
0.435421
0.440977
0.446495
0.451976
0.457419
0.462825
0.468194
0.473527
0.478823
0.484084
0.489308
